 2126 1249 126 72
 2133 1248 123 75
 2136 1249 122 70
 2144 1252 121 71
 2144 1252 133 71
 2150 1251 128 74
 2157 1249 125 75
 2157 1248 134 74
 2165 1250 127 73
 2167 1248 133 73
 2174 1247 127 74
 2180 1246 121 76
 2177 1247 131 71
 2182 1250 127 71
 2175 1251 137 69
 2183 1249 127 73
 2183 1246 131 76
 2182 1245 126 76
 2177 1245 130 78
 2176 1242 128 81
 2175 1237 123 79
 2174 1235 119 78
 2170 1235 120 78
 2162 1238 119 75
 2151 1236 127 82
 2148 1231 118 83
 2140 1231 121 83
 2126 1229 128 82
 2118 1231 124 78
 2113 1227 124 87
 2104 1225 127 88
 2093 1224 131 88
 2090 1226 122 78
 2079 1229 130 78
 2077 1227 127 78
 2064 1222 135 79
 2058 1220 130 77
 2045 1218 135 81
 2041 1220 130 79
 2035 1214 131 85
 2033 1215 125 81
 2028 1212 127 77
 2020 1216 126 73
 2010 1221 131 73
 2006 1220 127 75
 2004 1218 122 79
 1993 1218 134 76
 1991 1218 129 75
 1986 1219 129 75
 1985 1216 127 77
 1974 1215 135 78
 1968 1214 132 76
 1968 1217 125 72
 1963 1215 131 76
 1962 1212 126 79
 1964 1207 121 83
 1967 1208 125 84
 1971 1207 125 81
 1970 1208 131 79
 1984 1203 122 86
 1990 1205 125 85
 1995 1206 127 83
 2002 1209 126 79
 2006 1214 133 78
 2021 1210 127 79
 2030 1209 123 80
 2041 1212 120 78
 2045 1214 131 76
 2057 1210 129 81
 2068 1206 123 82
 2075 1205 128 87
 2080 1208 135 89
 2089 1214 132 79
 2099 1213 125 76
 2110 1208 126 78
 2116 1207 130 86
 2125 1207 129 83
 2129 1208 132 84
 2138 1203 126 82
 2148 1199 127 88
 2161 1198 123 84
 2172 1202 122 78
 2177 1206 130 76
 2186 1203 124 76
 2196 1202 121 81
 2195 1205 130 76
 2203 1208 125 75
 2211 1208 124 74
 2219 1203 121 78
 2222 1205 120 76
 2217 1211 132 71
 2221 1214 130 72
 2227 1213 125 74
 2229 1213 129 75
 2229 1214 125 75
 2224 1216 136 73
 2228 1212 134 76
 2236 1207 129 82
 2244 1205 124 79
 2247 1204 134 84
 2254 1206 129 80
 2264 1204 124 82
 2277 1202 120 85
 2276 1204 133 85
 2285 1206 131 80
 2294 1207 129 80
 2306 1207 126 79
 2315 1203 123 81
 2321 1204 128 83
 2324 1204 139 81
 2333 1205 136 81
 2347 1205 132 84
 2358 1208 127 80
 2368 1209 128 80
 2384 1210 127 80
 2391 1208 132 90
 2402 1207 131 90
 2414 1209 131 91
 2423 1214 132 91
 2435 1226 128 91
 2444 1233 128 93
 2457 1238 122 91
 2466 1250 131 88
 2472 1258 138 99
 2482 1260 134 99
 2492 1268 141 92
 2503 1273 138 100
 2534 1283 141 99
 2562 1287 145 98
 2581 1301 155 86
 2600 1304 155 86
 2635 1306 156 85
 2655 1310 156 84
 2685 1309 153 83
 2748 1293 154 84
 2775 1293 154 83
 2799 1291 155 83
 2827 1285 154 83
 2843 1283 154 82
 2879 1278 154 80
 2914 1265 155 79
 2951 1253 155 77
 2979 1248 153 77
 3005 1246 152 76
 3038 1231 151 87
 3060 1225 150 85
 3078 1219 149 84
 3110 1211 150 83
 3134 1204 152 84
 3157 1198 153 84
 3182 1182 152 84
 3187 1188 152 84
 3196 1188 149 83
 3221 1155 145 81
 3231 1157 144 81
 3266 1133 106 100
 3267 1133 101 107
 3256 1130 100 105
 3251 1115 102 117
 3235 1107 102 115
 3224 1104 102 114
 3215 1089 107 122
 3212 1080 100 123
 3196 1071 104 123
 3185 1061 106 124
 3176 1054 104 125
 3169 1045 100 126
 3162 1036 98 122
 3150 1030 104 121
 3141 1022 104 110
 3137 1017 101 103
 3131 1006 102 111
 3130 999 100 113
 3115 994 109 114
 3117 987 104 104
 3115 983 105 106
 3105 977 114 109
 3103 967 113 107
 3102 965 113 104
 3101 960 111 102
 3088 957 123 101
 3081 952 125 101
 3083 946 127 100
 3084 941 127 99
 3075 938 118 102
 3070 935 110 99
 3060 935 111 94
 3057 932 108 95
 3050 932 105 89
 3035 930 111 87
 3022 927 110 92
 3012 924 107 92
 3000 921 107 92
 2985 924 117 92
 2974 921 114 94
 2961 919 117 93
 2946 922 120 92
 2931 923 124 93
 2924 916 118 94
 2917 916 118 94
 2907 911 119 93
 2895 909 121 93
 2880 909 121 93
 2869 913 119 90
 2853 914 118 86
 2834 915 120 87
 2815 912 124 89
 2803 911 122 92
 2790 911 117 89
 2774 910 115 91
 2757 912 115 85
 2743 912 114 85
 2728 910 110 91
 2712 907 108 92
 2695 909 110 95
 2685 912 106 85
 2671 911 102 82
 2662 905 104 90
 2653 898 110 96
 2651 898 111 88
 2657 898 107 82
 2666 893 99 86
 2673 888 95 86
 2673 889 99 96
 2681 888 97 90
 2685 886 98 90
 2691 884 97 94
 2695 880 98 96
 2695 883 102 83
 2695 882 108 87
 2695 881 112 83
 2698 879 107 81
 2696 876 102 85
 2689 876 104 82
 2683 875 104 81
 2680 874 103 81
 2674 880 102 80
 2669 884 101 76
 2666 884 108 72
 2662 883 107 71
 2657 883 107 71
 2651 888 115 74
 2654 886 109 75
 2661 884 105 74
 2663 884 107 73
 2668 880 109 80
 2673 877 107 78
 2677 873 109 84
 2681 870 115 87
 2687 868 116 86
 2694 860 113 94
 2706 852 109 91
 2714 850 109 95
 2724 845 103 102
 2727 845 101 98
 2728 843 98 94
 2727 845 95 86
 2723 846 99 86
 2721 851 98 77
 2714 852 96 74
 2705 850 90 78
 2693 851 95 76
 2683 854 95 76
 2663 860 97 74
 2642 864 97 72
 2621 867 97 71
 2599 873 98 73
 2571 881 102 70
 2542 890 108 69
 2510 898 116 70
 2489 905 118 70
 2467 916 118 71
 2441 927 126 71
 2416 938 139 69
 2404 945 137 72
