1301 749 668 615
1301 754 663 609
1301 760 656 602
1302 765 650 596
1303 770 644 590
1303 776 637 583
1304 781 631 577
1305 785 633 575
1305 788 634 573
1306 792 636 572
1306 795 638 570
1307 799 639 568
1307 802 641 566
1308 804 646 571
1309 805 650 575
1311 807 655 580
1312 808 659 584
1313 810 664 589
1314 811 668 593
1318 814 669 595
1321 816 669 597
1325 819 670 599
1329 821 670 601
1332 824 671 603
1336 826 671 605
1341 831 664 597
1346 835 657 588
1352 840 650 580
1357 844 643 571
1362 849 636 563
1367 853 629 554
1370 855 629 552
1373 856 629 550
1377 858 629 548
1380 860 628 545
1383 861 628 543
1386 863 628 541
1388 862 632 545
1390 862 635 549
1392 861 639 554
1393 860 642 558
1395 860 646 562
1397 859 649 566
1399 861 652 566
1402 863 654 566
1404 866 657 567
1406 868 659 567
1409 870 662 567
1411 872 664 567
1413 873 656 566
1415 874 647 565
1417 878 638 561
1419 882 630 557
1420 886 621 553
1422 890 612 549
1422 894 613 546
1422 897 613 542
1422 901 614 539
1422 904 614 535
1422 908 615 532
1422 911 615 528
1426 911 615 529
1429 910 616 529
1433 910 616 530
1437 909 616 530
1440 909 617 531
1444 908 617 531
1447 908 615 531
1450 908 612 531
1454 909 610 531
1457 909 608 530
1460 909 605 530
1463 909 603 530
1465 911 597 529
1467 912 592 527
1470 914 586 526
1472 915 580 524
1474 917 575 523
1476 918 569 521
1481 919 563 520
1487 920 556 519
1492 921 550 518
1497 922 544 517
1503 923 537 516
1508 924 531 515
1509 923 529 517
1510 921 527 518
1512 920 525 520
1513 918 523 521
1514 917 521 523
1515 915 519 524
1512 915 522 524
1509 915 526 524
1506 915 529 524
1503 915 532 524
1500 915 536 524
1497 915 539 524
1493 916 534 523
1489 918 528 521
1485 919 523 520
1480 920 517 519
1476 922 512 517
1472 923 506 516
1466 926 503 514
1460 928 499 511
1454 931 496 509
1447 933 493 506
1441 936 489 504
1435 938 486 501
1428 937 488 502
1421 935 490 504
1414 934 492 505
1407 933 493 506
1400 931 495 508
1393 930 497 509
1389 929 498 510
1384 928 499 511
1380 927 501 512
1376 926 502 513
1371 925 503 514
1367 924 504 515
1364 924 505 516
1361 923 506 516
1358 923 508 517
1355 922 509 517
1352 922 510 518
1349 921 511 518
1348 922 506 518
1347 922 501 517
1346 923 496 517
1345 923 491 516
1344 924 486 516
1343 924 481 515
1343 924 477 516
1342 923 474 516
1342 923 470 517
1341 922 466 517
1341 922 463 518
1340 921 459 518
1340 919 455 520
1340 917 450 522
1341 915 446 525
1341 912 442 527
1341 910 437 529
1341 908 433 531
1339 906 433 533
1338 903 433 536
1336 901 433 538
1334 899 432 540
1333 896 432 543
1331 894 432 545
1330 894 432 545
1329 894 432 545
1328 894 433 545
1327 893 433 544
1326 893 433 544
1325 893 433 544
1322 893 429 542
1319 894 425 540
1316 894 421 538
1313 894 417 536
1310 894 408 530
1307 894 399 523
1303 894 399 523
1298 893 398 524
1294 893 398 524
1289 892 398 524
1285 892 397 525
1280 891 397 525
1275 890 401 524
1271 889 404 523
1266 889 408 522
1261 888 411 521
1257 887 415 520
1252 886 418 519
1252 883 415 521
1252 880 411 523
1253 878 408 525
1253 875 404 526
1253 872 401 528
1253 869 397 530
1252 868 396 534
1251 866 394 538
1250 865 393 542
1248 863 391 545
1247 862 390 549
1246 860 388 553
1247 861 386 551
1248 861 383 549
1249 862 381 547
1250 862 378 545
1251 863 376 543
1252 863 373 541
1254 862 368 536
1255 862 363 530
1257 861 358 525
1258 860 352 520
1260 860 347 514
1261 859 342 509
1263 857 339 510
1266 855 335 511
1268 853 332 512
1270 850 328 512
1273 848 325 513
1275 846 321 514
1276 844 318 514
1276 843 314 514
1277 841 311 514
1278 839 308 514
1278 838 304 514
1279 836 301 514
1279 834 301 517
1278 832 301 520
1278 830 301 523
1278 828 301 526
1277 826 301 529
1277 824 301 532
1276 823 302 531
1275 821 303 530
1274 820 305 529
1272 819 306 527
1271 817 307 526
1270 816 308 525
1266 814 310 527
1262 812 312 530
1258 811 314 532
1253 809 315 534
1249 807 317 537
1245 805 319 539
1238 806 319 532
1232 807 320 524
1225 809 320 517
1218 810 320 510
1212 811 321 502
1205 812 321 495
1196 810 325 497
1186 808 329 498
1177 806 333 500
1168 803 337 502
1158 801 341 503
1149 799 345 505
1140 799 348 505
1130 798 350 504
1121 798 353 504
1111 797 356 503
1102 797 358 503
1092 796 361 502
1082 795 362 503
1072 794 362 503
1062 793 363 504
1051 792 363 505
1041 791 364 505
1031 790 364 506
1021 789 365 507
1010 787 365 508
1000 786 366 509
989 785 367 509
979 783 367 510
968 782 368 511
955 782 370 511
942 782 373 510
929 782 375 510
915 781 377 510
902 781 380 509
889 781 382 509
879 780 378 510
869 779 373 511
859 778 369 512
848 777 365 512
838 776 360 513
828 775 356 514
812 775 358 510
796 775 359 505
780 775 361 501
763 775 362 496
747 775 364 492
731 775 365 487
718 775 360 487
705 774 354 487
692 774 349 487
679 773 344 487
666 773 338 487
653 772 333 487
635 772 332 488
618 772 331 489
600 772 330 490
582 772 328 491
565 772 327 492
547 772 326 493
526 773 327 495
505 773 329 496
484 774 330 498
463 774 331 499
442 775 333 501
421 775 334 502
398 777 337 502
374 779 340 502
351 781 343 503
328 783 346 503
304 785 349 503
281 787 352 503
257 789 354 505
234 792 355 506
210 794 357 508
186 796 358 510
163 799 360 511
139 801 361 513
110 805 366 512
81 809 371 510
54 813 375 509
26 817 378 508
1 821 379 507
0 824 355 505
0 836 326 495
0 849 296 485
0 861 267 474
0 874 237 464
0 886 208 454
