1161 918 145 66
1164 919 146 65
1166 920 147 64
1169 921 148 63
1172 921 149 61
1174 922 150 60
1177 923 151 59
1180 923 151 59
1182 923 151 59
1185 923 151 59
1187 923 151 58
1190 923 151 58
1192 923 151 58
1195 923 150 58
1197 923 150 58
1200 923 149 59
1202 923 148 59
1205 923 148 59
1207 923 147 59
1209 923 148 59
1211 923 149 59
1214 923 150 59
1216 923 150 58
1218 923 151 58
1220 923 152 58
1223 923 151 58
1225 923 150 57
1228 923 150 57
1230 923 149 57
1233 923 148 56
1235 923 147 56
1237 923 148 56
1239 922 149 57
1241 922 150 57
1243 922 151 57
1245 921 152 58
1247 921 153 58
1250 921 153 58
1252 922 153 57
1255 922 153 57
1258 922 152 57
1260 923 152 56
1263 923 152 56
1266 923 152 56
1269 923 151 56
1272 923 151 56
1274 923 151 55
1277 923 150 55
1280 923 150 55
1283 924 152 55
1286 925 153 54
1290 926 155 54
1293 926 157 54
1296 927 158 53
1299 928 160 53
1303 927 159 54
1306 927 159 54
1310 926 158 55
1313 925 157 56
1317 925 157 56
1320 924 156 57
1322 924 156 57
1325 925 155 56
1327 925 155 56
1329 925 155 56
1332 926 154 55
1334 926 154 55
1335 926 155 56
1336 925 156 56
1337 925 157 57
1338 925 157 57
1339 924 158 58
1340 924 159 58
1341 924 160 58
1343 925 160 57
1344 925 161 57
1345 925 161 56
1347 926 162 56
1348 926 162 55
1351 926 162 56
1353 925 161 56
1356 925 161 57
1358 924 161 58
1361 924 160 58
1363 923 160 59
1364 923 161 59
1365 922 161 58
1367 922 162 58
1368 922 163 58
1369 921 163 57
1370 921 164 57
1372 921 164 58
1373 921 163 58
1375 921 163 59
1376 921 162 59
1378 921 162 60
1379 921 161 60
1380 921 162 59
1380 921 162 59
1381 921 163 58
1381 920 163 57
1382 920 164 57
1382 920 164 56
1383 920 165 56
1384 920 165 56
1385 921 166 56
1385 921 166 55
1386 921 167 55
1387 921 167 55
1388 922 167 55
1389 922 166 55
1391 923 166 55
1392 923 166 54
1393 924 165 54
1394 924 165 54
1395 924 165 54
1396 925 164 54
1397 925 164 54
1398 925 164 53
1399 926 163 53
1400 926 163 53
1401 926 163 53
1402 925 163 53
1403 925 163 54
1404 925 162 54
1405 924 162 54
1406 924 162 54
1407 925 162 54
1409 925 163 54
1410 926 163 55
1411 927 163 55
1413 927 164 55
1414 928 164 55
1417 928 163 56
1419 928 162 57
1422 928 161 58
1425 928 160 59
1427 928 159 60
1430 928 158 61
1432 928 160 62
1433 928 161 62
1435 928 163 63
1437 928 164 64
1438 928 166 64
1440 928 167 65
1445 929 165 65
1449 930 163 65
1454 931 162 65
1458 932 160 65
1463 933 158 65
1467 934 156 65
1472 936 156 65
1478 937 156 65
1483 939 156 66
1488 940 155 66
1494 942 155 66
1499 943 155 66
1506 946 155 65
1513 949 155 63
1520 952 156 62
1526 955 156 61
1533 958 156 59
1540 961 156 58
1548 962 156 58
1555 964 156 59
1563 965 156 59
1571 966 156 59
1578 968 156 60
1586 969 156 60
1594 970 156 60
1601 970 156 59
1609 971 156 59
1617 971 155 58
1624 972 155 58
1632 972 155 57
1640 973 155 57
1649 973 156 56
1657 974 156 56
1665 974 156 55
1674 975 157 55
1682 975 157 54
1689 974 156 55
1697 973 155 55
1704 972 155 56
1711 970 154 57
1719 969 153 57
1726 968 152 58
1732 967 152 59
1737 967 153 59
1743 966 153 60
1749 965 153 60
1754 965 154 61
1760 964 154 61
1765 964 154 61
1769 964 153 61
1774 964 153 61
1779 964 152 61
1783 964 152 61
1788 964 151 61
1796 965 148 60
1803 965 145 59
1811 966 142 59
1819 966 139 58
1826 967 136 57
1834 967 133 56
1834 967 134 57
1835 967 135 57
1835 967 137 58
1836 967 138 58
1836 967 139 59
1839 967 138 59
1842 967 137 59
1845 967 135 58
1848 967 134 58
1848 965 134 60
1851 964 133 61
1853 964 131 62
1856 963 130 63
1858 962 129 63
1861 962 127 64
1863 961 126 65
1865 960 126 66
1866 960 126 66
1868 959 126 67
1869 958 125 67
1871 958 125 68
1872 957 125 68
1868 954 128 72
1864 950 131 75
1860 947 133 79
1856 943 136 82
1852 940 139 86
1852 939 138 87
1852 938 137 89
1852 937 136 90
1851 935 134 91
1851 934 133 93
1851 933 132 94
1852 931 129 95
1853 929 125 96
1854 927 122 98
1854 925 118 99
1855 923 115 100
1856 921 111 101
1857 920 108 103
1859 918 104 104
1860 917 101 106
1861 916 98 107
1863 914 94 109
1864 913 91 110
1865 910 90 113
1865 907 88 116
1866 905 87 119
1867 902 85 121
1867 899 84 124
1868 896 82 127
1869 896 80 127
1869 895 78 127
1870 895 77 127
1870 894 75 127
1871 894 73 127
1871 893 71 127
1871 893 70 127
1871 893 69 127
1871 893 68 128
1871 892 66 128
1871 892 65 128
1871 892 64 128
1872 892 63 129
1874 891 62 130
1875 891 61 131
1876 891 60 131
1878 890 59 132
1879 890 58 133
1879 890 59 133
1879 890 60 133
1880 890 62 133
1880 889 63 133
1880 889 64 133
1880 889 65 133
1881 889 65 133
1881 889 65 133
1882 890 65 133
1883 890 64 132
1883 890 64 132
1884 890 64 132
1885 890 63 133
1885 889 62 133
1886 889 62 134
1886 888 61 134
1887 888 60 135
1887 887 59 135
1888 888 59 134
1888 889 58 133
1889 891 58 132
1889 892 57 131
1890 893 57 130
1890 894 56 129
1889 894 57 129
1888 894 57 129
1887 894 58 130
1885 893 59 130
1884 893 59 130
1883 893 60 130
1883 893 60 130
1883 893 61 131
1884 893 61 131
1884 893 61 131
1884 893 62 132
1884 893 62 132
1885 894 62 131
1885 895 62 129
1886 896 62 128
1886 897 62 127
1887 898 62 125
1887 899 62 124
1887 898 62 125
1887 898 63 126
1886 897 63 128
1886 897 64 129
1886 896 64 130
