1496 910 102 129
1497 911 103 128
1497 911 103 126
1498 912 104 125
1499 912 104 124
1499 913 105 122
1500 913 105 121
1501 913 106 122
1501 912 106 123
1502 912 107 124
1503 911 107 124
1503 911 108 125
1504 910 108 126
1508 911 105 126
1512 911 102 126
1516 912 99 127
1519 912 95 127
1523 913 92 127
1527 913 89 127
1528 914 90 126
1528 915 92 124
1529 916 93 123
1529 916 94 121
1530 917 96 120
1530 918 97 118
1530 917 99 119
1530 916 100 120
1530 916 102 121
1530 915 103 121
1530 914 105 122
1530 913 106 123
1536 914 103 124
1541 915 100 124
1547 917 97 125
1552 918 93 125
1558 919 90 126
1563 920 87 126
1564 919 89 127
1565 919 90 128
1567 918 92 129
1568 917 94 129
1569 917 95 130
1570 916 97 131
1572 916 97 131
1574 917 97 130
1576 917 97 130
1578 917 97 130
1580 918 97 129
1582 918 97 129
1585 918 96 129
1587 919 96 128
1590 919 95 128
1593 919 94 128
1595 920 94 127
1598 920 93 127
1600 920 93 127
1603 919 92 127
1605 919 92 127
1607 919 92 126
1610 918 91 126
1612 918 91 126
1615 919 91 127
1618 919 91 127
1621 920 92 128
1624 920 92 128
1627 921 92 129
1630 921 92 129
1632 921 92 129
1634 921 92 129
1637 921 92 129
1639 921 92 129
1641 921 92 129
1643 921 92 129
1645 920 92 130
1646 920 93 130
1648 919 93 131
1649 918 93 132
1651 918 94 132
1652 917 94 133
1655 917 93 133
1657 917 92 132
1660 918 91 132
1663 918 90 132
1665 918 89 131
1668 918 88 131
1670 917 88 132
1673 917 88 133
1675 916 88 134
1677 915 88 134
1680 915 88 135
1682 914 88 136
1686 914 87 135
1691 915 85 134
1695 915 84 134
1699 915 83 133
1704 916 81 132
1708 916 80 131
1710 916 80 132
1712 915 80 132
1714 915 80 133
1716 915 79 134
1718 914 79 134
1720 914 79 135
1721 914 79 134
1722 915 79 133
1724 915 79 133
1725 915 79 132
1726 916 79 131
1727 916 79 130
1729 916 78 130
1731 916 77 130
1734 917 77 130
1736 917 76 129
1738 917 75 129
1740 917 74 129
1741 917 74 129
1741 916 74 130
1742 916 75 130
1742 916 75 130
1743 915 75 131
1743 915 75 131
1746 915 75 131
1750 914 76 130
1753 914 76 130
1756 914 76 130
1760 913 77 129
1763 913 77 129
1765 914 77 129
1767 914 77 128
1769 915 77 128
1771 915 77 128
1773 916 77 127
1775 916 77 127
1777 916 76 128
1779 915 75 128
1781 915 75 129
1783 914 74 130
1785 914 73 130
1787 913 72 131
1789 913 73 131
1790 913 74 130
1792 914 75 130
1793 914 76 129
1795 914 77 129
1796 914 78 128
1797 914 79 128
1799 914 81 128
1800 914 82 128
1801 913 83 127
1803 913 85 127
1804 913 86 127
1807 913 86 127
1810 913 85 127
1813 913 85 127
1816 913 85 126
1819 913 84 126
1822 913 84 126
1826 914 84 125
1829 914 84 124
1833 915 84 124
1836 915 83 123
1840 916 83 122
1843 916 83 121
1845 915 82 122
1847 914 80 124
1850 913 79 125
1852 912 78 126
1854 911 76 128
1856 910 75 129
1857 910 75 129
1857 910 75 129
1858 910 75 130
1859 909 74 130
1859 909 74 130
1860 909 74 130
1864 908 71 131
1868 907 67 132
1872 907 64 133
1875 906 61 134
1879 905 57 135
1883 904 54 136
1884 905 56 135
1884 906 57 133
1885 907 59 132
1886 907 61 130
1886 908 62 129
1887 909 64 127
1891 909 63 127
1894 909 62 127
1898 909 61 127
1901 909 60 127
1905 909 59 127
1908 909 58 127
1909 909 59 127
1909 909 61 127
1910 909 62 127
1911 909 63 126
1911 909 65 126
1912 909 66 126
1914 908 66 127
1915 907 65 129
1917 906 65 130
1918 905 65 131
1920 904 64 133
1921 903 64 134
1923 903 64 134
1924 902 63 135
1926 902 63 135
1928 902 63 135
1929 901 62 136
1931 901 62 136
1932 901 63 135
1932 901 64 135
1933 901 65 134
1933 901 66 133
1934 901 67 133
1934 901 68 132
1937 902 68 132
1939 903 69 132
1942 904 69 133
1944 904 69 133
1947 905 70 133
1949 906 70 133
1950 907 70 132
1952 907 69 131
1953 908 69 131
1954 908 69 130
1956 909 68 129
1957 909 68 128
1959 909 68 128
1961 909 68 128
1964 909 68 128
1966 909 67 127
1968 909 67 127
1970 909 67 127
1971 910 67 126
1972 910 68 126
1974 911 68 125
1975 912 68 124
1976 912 69 124
1977 913 69 123
1977 913 70 123
1977 913 71 123
1978 913 72 123
1978 913 73 122
1978 913 74 122
1978 913 75 122
1981 913 76 122
1984 913 77 122
1987 914 78 122
1989 914 78 121
1992 914 79 121
1995 914 80 121
1997 914 81 121
1999 914 81 120
2001 914 82 120
2002 914 83 120
2004 914 83 119
2006 914 84 119
2007 914 83 119
2009 913 83 120
2010 913 82 120
2011 912 81 120
2013 912 81 121
2014 911 80 121
2016 911 80 121
2017 912 79 121
2019 912 79 121
2020 912 79 120
2022 913 78 120
2023 913 78 120
2024 913 79 120
2024 913 79 120
2025 913 80 120
2025 913 80 119
2026 913 81 119
2026 913 81 119
2028 912 80 120
2030 911 79 120
2033 910 78 121
2035 908 76 122
2037 907 75 122
2039 906 74 123
2042 907 74 123
2044 907 74 122
2047 908 74 122
2049 908 73 121
2052 909 73 121
2054 909 73 120
2056 909 73 120
2057 908 74 121
2059 908 74 121
2060 908 74 121
2062 907 75 122
2063 907 75 122
2064 906 74 122
2066 906 73 123
2067 905 73 123
2068 904 72 123
2070 904 71 124
2071 903 70 124
2072 904 70 124
2074 904 70 123
2075 905 70 123
2076 906 70 123
2078 906 70 122
2079 907 70 122
2080 906 70 123
2080 905 70 123
2081 904 71 124
2082 903 71 125
2082 902 71 125
2083 901 71 126
2085 902 71 126
2087 902 71 125
2089 903 71 125
2091 903 71 124
2093 904 71 124
2095 904 71 123
2098 905 70 122
2101 906 68 120
