 1830 779 48 77
 1847 781 49 77
 1867 780 48 77
 1875 776 48 77
 1882 775 47 78
 1891 773 47 78
 1908 771 45 79
 1931 769 45 80
 1953 768 43 81
 1962 768 42 82
 1971 770 42 82
 1980 771 41 83
 1988 773 40 83
 1989 775 40 83
 1994 785 32 76
 1988 781 38 85
 1992 789 37 85
 1995 792 36 85
 2004 797 34 85
 2022 803 33 85
 2060 810 31 84
 2086 817 30 83
 2123 828 28 82
 2128 837 27 81
 2108 844 26 80
 2087 849 25 80
 2058 857 25 79
 2029 867 25 78
 1999 877 25 77
 1975 873 26 76
 1940 836 26 77
 1906 765 25 79
 1874 705 24 80
 1849 696 24 80
 1813 707 24 81
 1778 723 24 81
 1760 734 25 81
 1743 748 25 82
 1725 760 25 83
 1708 769 24 84
 1700 777 25 85
 1694 792 23 84
 1691 809 22 81
 1671 836 43 76
 1658 851 45 75
 1648 864 49 75
 1676 879 53 74
 1724 890 53 76
 1752 895 52 77
 1786 904 49 78
 1819 914 47 78
 1810 924 81 86
 1763 932 81 87
 1722 967 80 83
 1673 983 69 85
 1618 1000 69 84
 1573 1016 72 81
 1513 1023 79 80
 1459 1014 77 79
 1405 969 73 82
 1361 923 73 84
 1303 850 75 85
 1243 758 79 82
 1182 671 81 85
 1137 639 80 87
 1077 642 81 88
 1034 661 82 90
 1045 669 82 89
 1121 663 83 87
 1297 638 79 91
 1484 617 75 95
 1664 614 94 87
 1701 620 92 89
 1649 632 92 89
 1594 643 92 89
 1546 653 87 83
 1515 660 88 81
 1524 666 89 81
 1561 669 90 80
 1605 674 91 77
 1647 673 90 80
 1706 681 91 72
 1768 683 89 71
 1772 686 90 73
 1734 691 93 73
 1688 697 95 73
 1648 703 96 72
 1613 710 98 72
 1589 714 101 72
 1561 719 104 72
 1533 721 105 73
 1526 725 106 73
 1505 724 108 73
 1519 732 100 70
 1504 731 101 70
 1506 728 96 73
 1497 727 98 72
 1492 725 100 72
 1487 723 103 71
 1484 724 106 70
 1486 724 110 69
 1486 725 114 69
 1485 725 117 69
 1483 726 121 68
 1538 710 98 77
 1534 710 101 78
 1550 698 95 94
 1550 694 97 93
 1556 696 99 81
 1574 691 93 81
 1589 689 86 80
 1595 683 86 85
 1603 679 82 79
 1607 678 83 80
 1614 672 81 84
 1616 667 81 94
 1621 660 83 94
 1626 657 84 95
 1628 661 85 96
 1631 663 87 97
 1636 663 88 97
 1639 662 91 96
 1650 662 82 95
 1651 661 83 96
 1658 657 80 101
 1661 657 76 95
 1662 660 78 93
 1662 660 79 98
 1661 666 78 93
 1657 665 81 96
 1654 667 81 97
 1651 668 76 94
 1639 672 77 94
 1625 675 82 95
 1610 672 76 96
